1.075554350028124287e-02	3.394678801949183033e-02	2.920037840894689710e-03	6.432158420586701203e-04
1.145259939447120477e-02	2.882662616760323093e-02	2.403518993564885634e-03	6.832004826567220079e-04
1.214583127580874319e-02	2.260926679343568460e-02	1.777483458378092268e-03	7.256707142169679936e-04
1.287712347680105424e-02	2.150417276141317058e-02	1.490701535938800809e-03	7.707810501310120854e-04
1.367073903487309519e-02	1.813662713717751132e-02	1.168840532700910276e-03	8.186956089059286429e-04
1.452197032063382194e-02	1.389360665605534825e-02	9.036612551107197060e-04	8.695887112532552088e-04
1.541729585268603736e-02	1.283857259262547595e-02	7.586516331675440547e-04	9.236455142951384423e-04
1.635388197820290476e-02	1.079736006881352149e-02	6.182738478532174512e-04	9.810626851951900762e-04
1.734325591224734897e-02	8.279131214679585210e-03	4.847635820135520789e-04	1.042049116664514607e-03
1.841165576214034982e-02	6.464874750574775737e-03	3.932847726300680354e-04	1.106826686946362631e-03
1.953130283866544997e-02	5.589207659079790426e-03	3.250278329115351291e-04	1.175631067044085459e-03
2.073971659491732900e-02	4.538211476224325927e-03	2.700593588317718157e-04	1.248712578129418382e-03
2.197257207282003397e-02	3.345737755701404768e-03	2.244870641298760724e-04	1.326337102250232935e-03
2.333026310729670316e-02	2.931206348773726482e-03	1.984264513240212606e-04	1.408787049651420015e-03
2.475656607178563021e-02	2.181259968387137902e-03	1.660147415361608986e-04	1.496362386227745311e-03
2.633386072474190945e-02	1.699289715763296384e-03	1.423170217527272910e-04	1.589381724847047789e-03
2.790551927777921298e-02	1.483409000864888225e-03	1.273450618754512498e-04	1.688183484514129556e-03
2.903538324963148703e-02	1.325432133557936281e-03	6.785697665678620176e-05	1.731272060595614309e-03
2.955596141578781255e-02	1.121374859502205154e-03	1.058931850685123380e-04	1.793127121592186235e-03
3.081234422315416374e-02	1.035988360565870620e-03	5.314417561790212241e-05	1.838894240576139510e-03
3.135624858734058912e-02	9.294064273897917686e-04	9.489641413258490844e-05	1.904594437561930170e-03
3.270174232801874997e-02	8.210027503473522155e-04	4.161399855338928380e-05	1.953206607435691022e-03
3.339588355957618521e-02	7.536541653686660040e-04	8.005936290742715936e-05	2.022990968075288887e-03
3.467919328812586743e-02	6.369903568481580496e-04	3.196704996598756564e-05	2.074625047569396419e-03
3.539891486570429652e-02	5.735300330988474943e-04	7.625112763450023060e-05	2.148747458358107876e-03
3.681356631506219057e-02	5.331955497578695245e-04	2.677484036787472612e-05	2.203591300386345542e-03
3.755826827795243766e-02	5.033409731045654758e-04	6.885311462496168937e-05	2.282321430329067868e-03
3.907774037831950736e-02	4.262476785245503347e-04	2.098050857790139997e-05	2.340574565426786768e-03
4.149923829834971378e-02	3.136820232289150713e-04	1.618546059526251052e-05	2.486073209384348504e-03
4.403906629522933575e-02	2.580080807605739015e-04	1.349147451883989798e-05	2.640616579242166528e-03
4.665998492703508915e-02	1.944747434067418002e-04	1.055503578940758534e-05	2.804766928120927538e-03
4.955277068024238618e-02	1.541672857998515071e-04	8.492697188209315801e-06	2.979121460844030844e-03
5.256312279406909899e-02	1.142577631880479561e-04	6.957547320856343117e-06	3.164314506662886661e-03
5.574299438070529772e-02	9.380118014422510393e-05	5.780367867170264815e-06	3.361019827046785036e-03
5.915193755223514815e-02	6.916199428671116227e-05	4.853420570555326509e-06	3.569953066932897434e-03
6.272931949792172335e-02	5.147130166419754393e-05	4.190736062713946402e-06	3.791874358355692975e-03
6.673432776747269257e-02	3.972664755476501010e-05	3.767589104977810608e-06	4.027591085926610082e-03
7.065360805642889597e-02	2.441477767375884180e-05	3.249382965080276812e-06	4.277960824226684222e-03
7.499301894206256147e-02	2.233130516994958617e-05	2.885437004574749885e-06	4.543894457797945097e-03
7.969322356345437397e-02	1.462676351852620512e-05	2.502271616997336520e-06	4.826359495084781015e-03
8.306415517278765981e-02	1.415300701591031858e-05	2.480697183403826634e-06	4.888981143620657610e-03
8.431794866937578070e-02	1.060408227826332150e-05	2.705527065085784957e-06	5.126383588381883127e-03
8.798866928509704866e-02	1.151122099470873929e-05	2.176022038570077427e-06	5.183557979715536224e-03
8.944444727134596984e-02	1.150896004473971446e-05	2.437330326339134674e-06	5.445058272595421078e-03
9.304564063405351693e-02	1.007433969549191178e-05	1.995755089010735347e-06	5.495884017497829066e-03
9.516282496525808876e-02	7.271920966692283231e-06	2.548174599748641058e-06	5.783542936419014402e-03
9.892119185845886509e-02	7.358444215342610127e-06	1.633211042033826386e-06	5.827028703447659219e-03
1.017336288231269065e-01	1.070535009777140959e-05	2.807617142444116897e-06	6.143069040371901268e-03
1.053397529081279010e-01	6.934360510063899478e-06	1.491293810998767053e-06	6.178125921635066464e-03
1.113584197132782838e-01	5.490784767553293274e-06	1.184189532800388922e-06	6.550377876291507695e-03
1.183481545697857157e-01	3.670249627874547280e-06	1.182865168550893710e-06	6.945059208319531718e-03
1.249470775246271786e-01	5.240251123854094112e-06	1.055202440801014530e-06	7.363521359835117908e-03
1.332410009490849756e-01	4.445682035358695377e-06	9.063939694565409680e-07	7.807197201687737786e-03
1.411676315695382655e-01	3.716312065400132365e-06	9.441893930750090635e-07	8.277605939803506230e-03
1.498056891742993169e-01	3.350899913353316472e-06	7.623936567209959935e-07	8.776358317150984023e-03
1.593009691490567814e-01	4.215470880254580785e-06	7.735943896595295718e-07	9.305162129142535710e-03
1.685022484843216595e-01	3.295778614288049638e-06	7.150118844111195640e-07	9.865828071356275153e-03
1.802122443296374499e-01	3.569507696120218379e-06	7.086238531945270481e-07	1.046027593960144331e-02
1.894365450430264275e-01	3.727774967152956839e-06	7.481499285949845719e-07	1.109054120355909556e-02
2.011719025584799148e-01	2.149006243884827532e-06	5.910283708462631355e-07	1.175878197650359613e-02
2.145626447653327662e-01	1.763227131117968570e-06	6.106636854951353495e-07	1.246728640497510310e-02
2.272453147478407098e-01	1.606744159124992204e-06	6.657083279029258617e-07	1.321848050370022509e-02
2.407631584869789898e-01	2.590044618793121888e-06	6.769820553527681073e-07	1.401493646259538428e-02
2.536270857945640000e-01	1.719914914174839814e-06	6.801115374781247773e-07	1.485938145429052670e-02
2.718741021994522389e-01	2.149256900105263585e-06	6.320217825077898691e-07	1.575470697233710693e-02
2.896708593288097044e-01	2.073640817951525133e-06	6.563624441015337407e-07	1.670397873207163375e-02
