1.048506927901261473e-02	9.437425344425586227e-01	5.011598225358396969e-02	3.167594056746013409e-04
1.087424647910946625e-02	9.897820926220224358e-01	3.893867063978759951e-02	3.264564363840687794e-04
1.120007562078349783e-02	9.962889091165891831e-01	5.185201840578011062e-02	3.364503245913558205e-04
1.153698684109770445e-02	1.005890165648208656e+00	3.425511546291318959e-02	3.467501580653661875e-04
1.188560984938041507e-02	1.013011355112802603e+00	4.298944909246153051e-02	3.573653027809948340e-04
1.225337671382996374e-02	9.993343635194418262e-01	2.840224948426155888e-02	3.683054114359731596e-04
1.261310425704129101e-02	1.010139499968480070e+00	3.756279358662463486e-02	3.795804322283373444e-04
1.300963638955584395e-02	1.042896762312446768e+00	2.543815191454995572e-02	3.912006179026747410e-04
1.338512714240627267e-02	1.045258411792287623e+00	3.400037070269266298e-02	4.031765350732616215e-04
1.379140733717734019e-02	1.027365597372398520e+00	2.239233811823725800e-02	4.155190738326670213e-04
1.420440400453867706e-02	9.690985750782618036e-01	2.762487936156798191e-02	4.282394576543991499e-04
1.468943665069783779e-02	5.562079133963609978e-01	1.259708440890860287e-02	4.413492535988560589e-04
1.507382716484848006e-02	2.869570270252391753e-01	1.025730385990269652e-02	4.548603828315768427e-04
1.554559065253937472e-02	2.048288312743250517e-01	5.622505322595510065e-03	4.687851314635615996e-04
1.599646597795452777e-02	1.476460837354402755e-01	6.192448854181707707e-03	4.831361617234734840e-04
1.650165906779143057e-02	1.079922835690966809e-01	3.314129408505128455e-03	4.979265234717165922e-04
1.697557766753316627e-02	8.992146305883669255e-02	4.304762166545771269e-03	5.131696660672230292e-04
1.749713582451683375e-02	7.344094926625856223e-02	2.467789553863026803e-03	5.288794505972915783e-04
1.801461882540753706e-02	5.584795627933876461e-02	2.725964658232427756e-03	5.450701624820017410e-04
1.857337232372419447e-02	4.512242710983462024e-02	1.752867948410459509e-03	5.617565244643608902e-04
1.911725761447308214e-02	3.653247043754399848e-02	2.038372630811189409e-03	5.789537099981922896e-04
1.972573794503045333e-02	3.079140408580161373e-02	1.286245336535147069e-03	5.966773570458931697e-04
2.051721700443785365e-02	2.374547485458633478e-02	1.095418338515708650e-03	6.149435822984487821e-04
2.110699714196875507e-02	1.892348827615921575e-02	1.298623173045603723e-03	6.337689958309696003e-04
2.175825670158837780e-02	1.612193272921489187e-02	8.227727146139110579e-04	6.531707162066927030e-04
2.239891422303437810e-02	1.310307595435030240e-02	1.020325474995221419e-03	6.731663860435402325e-04
2.311376087042527408e-02	1.180091235285876672e-02	6.716981931423901889e-04	6.937741880570086339e-04
2.376990696479787044e-02	9.748815164840133815e-03	8.690988480107802007e-04	7.150128615944113808e-04
2.449210764950508767e-02	7.831288367884844601e-03	5.576818975344510331e-04	7.369017196751405374e-04
2.522481543029922099e-02	6.218165255898384404e-03	6.904834894321652426e-04	7.594606665526047740e-04
2.601076910156307001e-02	5.245374454833521237e-03	4.236262838740175807e-04	7.827102158138483923e-04
2.676877593315697690e-02	5.090025563076787211e-03	6.151664820537825233e-04	8.066715090331993965e-04
2.756852150917467326e-02	3.685886997592954621e-03	3.465679137288131431e-04	8.313663349970717986e-04
2.840723917047364641e-02	3.643503309764426542e-03	4.801282594419462469e-04	8.568171495170577578e-04
2.840723917047364641e-02	3.220985448881171810e-03	2.895708134128458216e-04	8.525858244102235695e-04
2.927247855941967833e-02	2.958909739499622580e-03	2.832252625961301294e-04	8.830470958498919110e-04
2.928653311970652942e-02	2.716965614264625281e-03	1.708364198489376550e-04	8.786862361853907399e-04
3.014598946561999199e-02	1.987735792903305970e-03	3.529381346209582216e-04	9.100800257422943240e-04
3.014598946561999546e-02	2.303898992076896732e-03	2.090731339721707549e-04	9.055856660480227083e-04
3.107838341376515517e-02	1.842541325692146703e-03	1.221422043553698085e-04	9.333085745281168022e-04
3.111090197096638699e-02	1.765546447809026405e-03	2.365192625449087226e-04	9.379405211201834180e-04
3.199116518883166754e-02	1.523928041191586081e-03	1.405209527491963937e-04	9.618801709715962822e-04
3.199116518883166754e-02	1.328204714474311892e-03	2.947020388990903681e-04	9.666539164417467522e-04
3.297614085528704359e-02	1.335682723222374061e-03	8.989295988180498053e-05	9.913264364640947401e-04
3.300772774638744550e-02	1.478580645263620269e-03	2.051099302184950098e-04	9.962463217349781797e-04
3.394928042770967852e-02	1.023841427073188606e-03	2.643123147740749691e-04	1.026744646340310707e-03
3.394928042770967852e-02	9.690462280036001496e-04	9.830575826917522066e-05	1.021674147456359816e-03
3.498496190343684115e-02	7.706943343110769134e-04	1.587419259319673335e-04	1.058176623380244208e-03
3.501205033234657676e-02	8.933283375287286903e-04	6.357956136513793653e-05	1.052950900113036603e-03
3.602724798412893642e-02	6.163513279876235056e-04	2.147534320600876943e-04	1.090570834977863668e-03
3.602724798412893642e-02	6.869378123361991615e-04	7.355642893729285529e-05	1.085185135406584178e-03
3.715871189223349941e-02	4.763643088117026718e-04	1.355420172082750314e-04	1.123956738247604281e-03
3.716317490306164650e-02	5.784255572429810666e-04	4.431776712430073739e-05	1.118406164979761364e-03
3.823240377874149998e-02	4.790056744914640498e-04	1.866999949709990058e-04	1.158364692081463587e-03
3.823240377874149998e-02	4.815822710809523205e-04	5.471115002466217281e-05	1.152644197799555792e-03
3.940495948857800079e-02	3.646060369767084911e-04	3.090962770843314956e-05	1.187930367627230976e-03
4.057253274923071362e-02	2.559225381396506324e-04	3.786062827684226771e-05	1.224296761329311811e-03
4.183783620937330666e-02	2.415097812760459684e-04	2.340513324238613591e-05	1.261776448055036692e-03
4.305589633374562464e-02	1.665443516287404171e-04	2.646107520807096830e-05	1.300403509307469785e-03
4.438971483216808123e-02	1.533316779588413418e-04	1.712245521547300589e-05	1.340213069934696744e-03
4.569126163654152473e-02	1.194781242140499042e-04	2.149091791174721075e-05	1.381241330070226425e-03
4.711654217627056496e-02	8.715649155925901269e-05	1.243186304604250785e-05	1.423525598050701113e-03
4.848793237879095441e-02	6.697493315092863857e-05	1.462624839553853353e-05	1.467104324341765575e-03
5.000312401336651918e-02	5.522439250621584845e-05	1.001618168582643509e-05	1.512017136502265269e-03
5.145578174383198811e-02	4.780902741529542563e-05	1.279677077517662712e-05	1.558304875218907704e-03
5.306736666282370340e-02	2.638663552186389178e-05	7.605481096354426854e-06	1.606009631443978958e-03
5.516287555650722235e-02	2.031723724798048316e-05	8.381610217933134312e-06	1.655174784670150612e-03
5.681134083701391835e-02	2.360883210354656336e-05	8.499443746425883477e-06	1.705845042376634424e-03
5.851307439143998979e-02	2.057970784065333360e-05	6.391459550942199363e-06	1.758066480683363741e-03
6.028864938696586184e-02	2.047671266282830542e-05	8.245935013772509256e-06	1.811886586249533693e-03
6.209174821869761773e-02	1.927737091609324840e-05	5.497222011986202131e-06	1.867354299454504485e-03
6.397879703864327305e-02	1.756510168371788503e-05	8.816562001991969723e-06	1.924520058901188491e-03
6.588303541531574659e-02	2.155997494563216896e-05	5.768127986648538792e-06	1.983435847281361797e-03
6.789481124778455612e-02	1.869442650872534832e-05	7.401097735781773402e-06	2.044155238645248285e-03
6.993908315079465365e-02	2.425659055154680816e-05	5.078440896023322694e-06	2.106733447118133706e-03
7.205051685463895184e-02	2.968913142151993721e-05	7.968794646040168103e-06	2.171227377108550516e-03
7.430727980123195964e-02	2.487860425569772221e-05	4.962266046197219533e-06	2.237695675052914224e-03
7.646058489027769689e-02	1.796048504798426149e-05	6.859648041611803036e-06	2.306198782745030873e-03
7.880888573352262672e-02	2.578878046494052990e-05	4.783290897113349020e-06	2.376798992297785018e-03
8.114058437024181114e-02	2.180960129685327218e-05	6.333549627625583948e-06	2.449560502786995997e-03
8.212503837121509775e-02	2.262290942900063026e-05	3.578893472240635478e-06	2.465597552769926981e-03
8.358993813801363082e-02	2.285510578977853220e-05	4.304338625908445645e-06	2.524549478630150334e-03
8.522293932248092840e-02	2.624186431044441085e-05	3.342738921309955862e-06	2.540519015801129266e-03
8.610703725837558220e-02	1.963079301292718239e-05	6.546019241549790777e-06	2.601834109751732793e-03
8.782917800354309024e-02	2.319305231779458007e-05	4.404065826935660779e-06	2.617717097583960317e-03
8.863932921803675813e-02	2.328727289181780166e-05	4.318539959180466332e-06	2.681484673590459056e-03
9.051578052276885999e-02	2.665831818411532110e-05	3.159650709544515373e-06	2.697260977132590054e-03
9.137747679488622543e-02	2.695612692437818748e-05	5.728695592802414630e-06	2.763573599004962023e-03
9.320502633078395216e-02	1.982720264459002403e-05	3.798248175733203430e-06	2.779221935585302061e-03
9.413643105859860472e-02	2.311388464982549163e-05	4.431869166809362889e-06	2.848175532135788224e-03
9.613499126771958558e-02	2.034125916641633518e-05	2.556551186036182250e-06	2.863673420081855325e-03
9.697050939454759932e-02	2.421468349599551821e-05	6.290840100699767972e-06	2.935367404283226178e-03
9.890991958243856852e-02	2.250041896653895028e-05	3.665011568502937344e-06	2.950691109580697025e-03
9.993300171179972380e-02	1.839067546297623690e-05	3.928385701876042194e-06	3.025228501863833075e-03
1.018289065571261476e-01	1.725088568203351436e-05	2.146976811792577832e-06	3.040352982676991500e-03
1.035484843631843399e-01	1.808059319522746237e-05	5.065720749141736814e-06	3.117840538508068193e-03
1.049639979402404583e-01	1.428038268892698395e-05	2.654757902283896588e-06	3.132739387480751314e-03
1.082013687868453866e-01	1.388178948375637065e-05	1.755381621440331021e-06	3.227933113619033123e-03
1.113886343261666911e-01	1.510757116805383023e-05	2.490035474845605294e-06	3.326019466425272908e-03
1.149143854011757948e-01	1.152154551565375080e-05	1.465318938005794189e-06	3.427086343383692335e-03
1.182065098560026867e-01	6.730144061208889130e-06	1.691509700213123714e-06	3.531224312896250050e-03
1.217562966985863276e-01	1.028903145883080428e-05	1.275112420975638838e-06	3.638526695442928505e-03
1.254416939112688867e-01	9.959325869012933572e-06	1.715724508408135316e-06	3.749089647208714293e-03
1.293140739538140849e-01	7.777941653816203388e-06	1.042761739605768751e-06	3.863012246251074089e-03
1.331197291121898330e-01	7.407667853348201260e-06	1.378145694547420387e-06	3.980396581286321789e-03
1.371346501254563643e-01	7.125345496039998658e-06	9.279570707237242912e-07	4.101347843173924756e-03
1.412677214916887303e-01	5.714848177336212432e-06	1.174897245167046363e-06	4.225974419179850949e-03
1.455702308791141930e-01	6.574919333858117298e-06	8.449223123386394252e-07	4.354387990105818007e-03
1.499144361887520260e-01	7.055471117343223450e-06	1.146392308458696073e-06	4.486703630368210627e-03
1.545081935233298953e-01	6.316690446210177973e-06	7.871836720547544508e-07	4.623039911119702916e-03
1.590903989989931044e-01	5.818430239997516989e-06	1.053610601714585137e-06	4.763519006503097453e-03
1.639256628620305578e-01	6.641838463640355173e-06	7.590244365941658468e-07	4.908266803134858636e-03
1.688280041409235266e-01	6.591835233247009574e-06	1.059495492806984101e-06	5.057413012914846462e-03
1.740338468174077169e-01	6.883985719178473275e-06	7.477477134139137912e-07	5.211091289264113691e-03
1.791616286183811413e-01	6.127372807192792447e-06	1.022492842147068880e-06	5.369439346895071852e-03
1.844402743153713831e-01	6.046715287339806888e-06	7.003673096761609874e-07	5.532599085220829549e-03
1.901277535828550247e-01	5.658049287144453461e-06	9.845474669919070054e-07	5.700716715514614341e-03
1.959901910855951224e-01	5.114914114437839054e-06	6.514835436203672967e-07	5.873942891932992794e-03
2.017650931241544154e-01	5.237506201080069372e-06	9.458379784732253716e-07	6.052432846520655607e-03
2.080155526065528004e-01	4.560142655750249281e-06	5.759058474383595577e-07	6.236346528317615601e-03
2.141147309440976088e-01	4.621293918234371769e-06	8.454031296219228321e-07	6.425848746693024749e-03
2.205904980236242097e-01	3.579561918171746652e-06	5.190602123757830091e-07	6.621109319035256568e-03
2.272202653957239582e-01	3.194424824283267421e-06	7.062051928697481455e-07	6.822303222928649546e-03
2.340972085943399394e-01	2.319781218551531589e-06	4.582399059918227793e-07	7.029610752955217645e-03
2.411279634000654537e-01	1.428470073571291886e-06	5.960234994609024960e-07	7.243217682261104962e-03
2.489326530520016567e-01	1.032333499899640596e-06	4.787287949930294704e-07	7.463315429031919246e-03
2.558869237838566901e-01	2.376807281963557043e-06	6.506870882701781357e-07	7.690101228027546032e-03
2.628085187544183521e-01	7.434570687208437455e-07	4.808531868665513766e-07	7.923778307327988824e-03
2.715492506148189933e-01	8.479016033106156180e-07	5.946621563401290891e-07	8.164556070452022585e-03
2.811157434049689763e-01	9.547269159658156127e-07	5.903793695346636180e-07	8.412650284007450185e-03
2.901000459443856538e-01	9.885905310850330096e-07	4.665465630568543652e-07	8.668283271045185145e-03
